frame,drop_id,cx,cy,area_px,percentage
87,1,533,345,2808,100.0
88,1,532,343,3023,107.66
89,1,533,343,3102,110.47
90,1,533,343,3098,110.33
91,1,533,343,3098,110.33
92,1,533,343,3089,110.01
93,1,533,343,3089,110.01
94,1,533,343,3081,109.72
95,1,533,343,3096,110.26
96,1,533,343,3093,110.15
97,1,533,343,3092,110.11
98,1,533,343,3078,109.62
99,1,533,343,3063,109.08
100,1,532,343,3087,109.94
101,1,532,343,3072,109.4
102,1,532,343,3115,110.93
103,1,532,343,3095,110.22
104,1,532,343,3090,110.04
105,1,532,343,3124,111.25
106,1,532,343,3093,110.15
107,1,532,343,3112,110.83
108,1,532,343,3087,109.94
109,1,532,343,3084,109.83
110,1,532,343,3082,109.76
111,1,532,342,3064,109.12
112,1,532,342,3072,109.4
113,1,532,342,3059,108.94
114,1,532,342,3053,108.73
115,1,532,342,3057,108.87
116,1,532,342,3060,108.97
117,1,532,342,3064,109.12
118,1,532,342,3056,108.83
119,1,532,342,3061,109.01
120,1,532,342,3058,108.9
121,1,532,342,3062,109.05
122,1,532,342,3067,109.22
123,1,532,342,3053,108.73
124,1,532,342,3055,108.8
125,1,532,342,3062,109.05
126,1,532,342,3049,108.58
127,1,532,343,3041,108.3
128,1,532,342,3034,108.05
129,1,532,343,3037,108.16
130,1,532,343,3040,108.26
131,1,532,342,3050,108.62
132,1,532,343,3044,108.4
133,1,532,343,3040,108.26
134,1,532,343,3047,108.51
135,1,532,343,3043,108.37
136,1,532,343,3063,109.08
137,1,532,342,3069,109.29
138,1,532,342,3057,108.87
139,1,532,343,3064,109.12
140,1,532,343,3053,108.73
141,1,532,343,3065,109.15
142,1,532,343,3059,108.94
143,1,532,343,3056,108.83
144,1,531,343,3079,109.65
145,1,531,343,3084,109.83
146,1,531,343,3069,109.29
147,1,531,343,3086,109.9
148,1,531,342,3079,109.65
149,1,531,343,3099,110.36
150,1,531,342,3069,109.29
151,1,531,343,3073,109.44
152,1,531,342,3085,109.86
153,1,531,343,3086,109.9
154,1,531,342,3081,109.72
155,1,531,342,3089,110.01
156,1,531,342,3088,109.97
157,1,531,343,3093,110.15
158,1,531,342,3091,110.08
159,1,531,342,3099,110.36
160,1,531,342,3115,110.93
161,1,531,342,3096,110.26
162,1,531,342,3090,110.04
163,1,531,342,3095,110.22
164,1,531,342,3098,110.33
165,1,531,342,3103,110.51
166,1,531,342,3094,110.19
167,1,531,342,3076,109.54
168,1,531,342,3089,110.01
169,1,531,342,3079,109.65
170,1,531,342,3079,109.65
171,1,531,342,3086,109.9
172,1,531,342,3087,109.94
173,1,531,342,3096,110.26
174,1,531,342,3093,110.15
175,1,531,342,3103,110.51
176,1,531,342,3103,110.51
177,1,531,342,3115,110.93
178,1,531,342,3121,111.15
179,1,531,342,3105,110.58
180,1,531,342,3109,110.72
181,1,531,342,3110,110.75
182,1,531,343,3098,110.33
183,1,531,343,3084,109.83
184,1,531,343,3106,110.61
185,1,531,343,3113,110.86
186,1,531,343,3114,110.9
187,1,531,343,3103,110.51
188,1,531,343,3124,111.25
189,1,531,343,3117,111.0
190,1,531,343,3103,110.51
191,1,531,343,3096,110.26
192,1,531,343,3116,110.97
193,1,531,343,3132,111.54
194,1,531,343,3111,110.79
195,1,531,343,3119,111.08
196,1,531,343,3121,111.15
197,1,531,343,3102,110.47
198,1,531,343,3088,109.97
199,1,531,343,3111,110.79
200,1,531,342,3091,110.08
201,1,531,343,3101,110.43
202,1,531,342,3104,110.54
203,1,531,343,3120,111.11
204,1,531,343,3116,110.97
205,1,531,343,3111,110.79
206,1,531,343,3100,110.4
207,1,531,343,3099,110.36
208,1,531,343,3099,110.36
209,1,531,343,3111,110.79
210,1,531,343,3090,110.04
211,1,531,342,3086,109.9
212,1,531,343,3092,110.11
213,1,531,342,3105,110.58
214,1,531,343,3132,111.54
215,1,531,343,3126,111.32
216,1,531,343,3129,111.43
217,1,531,343,3129,111.43
218,1,531,343,3103,110.51
219,1,531,343,3092,110.11
220,1,531,343,3107,110.65
221,1,531,343,3124,111.25
222,1,531,343,3108,110.68
223,1,531,342,3115,110.93
224,1,531,343,3119,111.08
225,1,531,343,3120,111.11
226,1,531,343,3133,111.57
227,1,531,343,3139,111.79
228,1,531,343,3117,111.0
229,1,531,342,3119,111.08
230,1,531,342,3111,110.79
231,1,531,343,3111,110.79
232,1,531,342,3095,110.22
233,1,531,342,3101,110.43
234,1,531,342,3095,110.22
235,1,531,343,3118,111.04
236,1,531,342,3122,111.18
237,1,531,342,3120,111.11
238,1,531,342,3116,110.97
239,1,531,342,3104,110.54
240,1,531,342,3105,110.58
241,1,531,342,3111,110.79
242,1,531,342,3129,111.43
243,1,531,342,3119,111.08
244,1,531,342,3123,111.22
245,1,531,342,3116,110.97
246,1,531,342,3102,110.47
247,1,531,342,3114,110.9
248,1,531,342,3101,110.43
249,1,531,342,3085,109.86
250,1,531,342,3087,109.94
251,1,531,342,3094,110.19
252,1,531,342,3091,110.08
253,1,531,342,3092,110.11
254,1,531,342,3093,110.15
255,1,531,342,3084,109.83
256,1,531,342,3089,110.01
257,1,531,341,3083,109.79
258,1,531,342,3090,110.04
259,1,531,342,3101,110.43
260,1,531,342,3102,110.47
261,1,531,342,3098,110.33
262,1,531,342,3092,110.11
263,1,531,342,3091,110.08
264,1,531,342,3092,110.11
265,1,531,342,3094,110.19
266,1,531,342,3103,110.51
267,1,531,342,3100,110.4
268,1,531,342,3110,110.75
269,1,531,342,3102,110.47
270,1,531,342,3098,110.33
271,1,531,342,3099,110.36
272,1,531,342,3100,110.4
273,1,531,342,3102,110.47
274,1,531,342,3107,110.65
275,1,531,342,3103,110.51
276,1,531,342,3105,110.58
277,1,531,342,3107,110.65
278,1,531,342,3115,110.93
279,1,531,342,3110,110.75
280,1,531,342,3114,110.9
281,1,531,342,3119,111.08
282,1,531,342,3117,111.0
283,1,531,342,3120,111.11
284,1,531,342,3117,111.0
285,1,531,342,3125,111.29
286,1,531,342,3122,111.18
287,1,531,342,3116,110.97
288,1,531,342,3130,111.47
289,1,531,342,3132,111.54
290,1,531,342,3115,110.93
291,1,531,342,3122,111.18
292,1,531,342,3124,111.25
293,1,531,342,3151,112.22
294,1,531,342,3174,113.03
295,1,531,342,3179,113.21
296,1,531,342,3184,113.39
297,1,531,342,3194,113.75
298,1,531,342,3201,114.0
299,1,531,342,3181,113.28
300,1,531,342,3192,113.68
301,1,531,342,3208,114.25
302,1,530,342,3225,114.85
303,1,531,342,3206,114.17
304,1,530,342,3232,115.1
305,1,530,342,3228,114.96
306,1,530,341,3236,115.24
307,1,530,342,3236,115.24
308,1,530,342,3237,115.28
309,1,530,342,3243,115.49
310,1,530,342,3240,115.38
311,1,530,342,3242,115.46
312,1,530,342,3245,115.56
313,1,530,342,3238,115.31
314,1,530,342,3236,115.24
315,1,530,342,3236,115.24
316,1,530,342,3228,114.96
317,1,530,342,3233,115.14
318,1,530,343,3229,114.99
319,1,530,343,3228,114.96
320,1,530,342,3222,114.74
321,1,530,343,3224,114.81
322,1,530,343,3237,115.28
323,1,530,343,3242,115.46
324,1,530,343,3229,114.99
325,1,530,343,3235,115.21
326,1,530,343,3233,115.14
327,1,530,343,3244,115.53
328,1,530,343,3230,115.03
329,1,530,343,3241,115.42
330,1,530,343,3222,114.74
331,1,530,343,3225,114.85
332,1,530,343,3248,115.67
333,1,530,343,3239,115.35
334,1,530,343,3233,115.14
335,1,530,343,3233,115.14
336,1,530,343,3233,115.14
337,1,530,343,3244,115.53
338,1,530,344,3249,115.71
339,1,530,344,3246,115.6
340,1,530,343,3241,115.42
341,1,530,344,3233,115.14
342,1,530,343,3229,114.99
343,1,530,343,3258,116.03
344,1,530,344,3247,115.63
345,1,530,343,3254,115.88
346,1,530,343,3248,115.67
347,1,530,343,3268,116.38
348,1,530,343,3241,115.42
349,1,530,343,3234,115.17
350,1,530,343,3250,115.74
351,1,530,343,3241,115.42
352,1,530,343,3246,115.6
353,1,530,343,3248,115.67
354,1,530,343,3252,115.81
355,1,530,342,3234,115.17
356,1,530,342,3253,115.85
357,1,530,343,3265,116.27
358,1,530,342,3254,115.88
359,1,530,343,3248,115.67
360,1,529,342,3256,115.95
361,1,529,342,3264,116.24
362,1,529,342,3268,116.38
363,1,529,342,3243,115.49
364,1,529,342,3239,115.35
365,1,529,342,3237,115.28
366,1,529,342,3245,115.56
367,1,529,342,3247,115.63
368,1,529,342,3250,115.74
369,1,529,342,3264,116.24
370,1,529,342,3260,116.1
371,1,529,342,3254,115.88
372,1,529,342,3262,116.17
373,1,529,342,3274,116.6
374,1,529,342,3277,116.7
375,1,529,343,3269,116.42
376,1,529,343,3268,116.38
377,1,529,342,3255,115.92
378,1,529,343,3257,115.99
379,1,529,343,3256,115.95
380,1,529,343,3257,115.99
381,1,529,343,3258,116.03
382,1,529,343,3246,115.6
383,1,529,343,3249,115.71
384,1,529,343,3250,115.74
385,1,529,343,3235,115.21
386,1,529,343,3253,115.85
387,1,529,343,3204,114.1
388,1,529,343,3240,115.38
389,1,529,343,3202,114.03
390,1,529,343,3217,114.57
391,1,529,343,3203,114.07
392,1,529,343,3218,114.6
393,1,529,343,3231,115.06
394,1,529,343,3210,114.32
395,1,529,344,3237,115.28
396,1,529,344,3239,115.35
397,1,529,344,3229,114.99
398,1,529,343,3220,114.67
399,1,529,343,3223,114.78
400,1,529,344,3203,114.07
401,1,529,344,3216,114.53
402,1,529,344,3210,114.32
403,1,529,344,3194,113.75
404,1,529,344,3197,113.85
405,1,529,344,3192,113.68
406,1,529,344,3195,113.78
407,1,529,344,3190,113.6
408,1,529,343,3178,113.18
409,1,529,344,3181,113.28
410,1,529,344,3195,113.78
411,1,529,344,3205,114.14
412,1,529,344,3182,113.32
413,1,529,344,3183,113.35
414,1,529,344,3207,114.21
415,1,529,344,3205,114.14
416,1,529,344,3202,114.03
417,1,529,344,3195,113.78
418,1,529,344,3188,113.53
419,1,529,344,3192,113.68
420,1,529,344,3203,114.07
421,1,529,344,3191,113.64
422,1,529,344,3182,113.32
423,1,529,344,3190,113.6
424,1,529,344,3190,113.6
425,1,529,344,3181,113.28
426,1,529,344,3184,113.39
427,1,529,344,3183,113.35
428,1,529,344,3195,113.78
429,1,529,344,3202,114.03
430,1,529,344,3192,113.68
431,1,529,344,3200,113.96
432,1,529,344,3205,114.14
433,1,529,344,3192,113.68
434,1,529,344,3189,113.57
435,1,529,344,3195,113.78
436,1,529,344,3190,113.6
437,1,529,344,3189,113.57
438,1,529,344,3190,113.6
439,1,529,344,3197,113.85
440,1,529,344,3195,113.78
441,1,529,344,3186,113.46
442,1,529,344,3189,113.57
443,1,529,344,3193,113.71
444,1,529,344,3184,113.39
445,1,529,344,3182,113.32
446,1,529,344,3193,113.71
447,1,529,344,3198,113.89
448,1,529,344,3198,113.89
449,1,529,344,3189,113.57
450,1,529,344,3194,113.75
451,1,529,344,3193,113.71
452,1,529,344,3195,113.78
453,1,529,344,3185,113.43
454,1,529,344,3176,113.11
455,1,529,344,3181,113.28
456,1,529,344,3171,112.93
457,1,529,344,3176,113.11
458,1,529,344,3181,113.28
459,1,529,344,3176,113.11
460,1,529,344,3181,113.28
461,1,529,344,3191,113.64
462,1,529,344,3175,113.07
463,1,529,344,3171,112.93
464,1,529,344,3188,113.53
465,1,529,344,3186,113.46
466,1,529,344,3181,113.28
467,1,529,344,3175,113.07
468,1,529,344,3188,113.53
469,1,529,343,3178,113.18
470,1,529,344,3193,113.71
471,1,529,344,3196,113.82
472,1,529,344,3188,113.53
473,1,529,344,3180,113.25
474,1,529,344,3177,113.14
475,1,529,344,3158,112.46
476,1,529,344,3186,113.46
477,1,529,344,3184,113.39
478,1,529,344,3190,113.6
479,1,529,344,3193,113.71
480,1,529,344,3188,113.53
481,1,529,344,3185,113.43
482,1,529,344,3192,113.68
483,1,529,344,3187,113.5
484,1,529,344,3194,113.75
485,1,529,344,3186,113.46
486,1,529,344,3191,113.64
487,1,529,344,3188,113.53
488,1,529,344,3180,113.25
489,1,529,344,3196,113.82
490,1,529,344,3199,113.92
491,1,529,344,3187,113.5
492,1,529,344,3199,113.92
493,1,529,344,3181,113.28
494,1,529,344,3191,113.64
495,1,529,344,3185,113.43
496,1,529,344,3188,113.53
497,1,529,344,3182,113.32
498,1,529,344,3193,113.71
499,1,529,344,3187,113.5
500,1,529,344,3189,113.57
501,1,529,344,3182,113.32
502,1,529,344,3188,113.53
503,1,529,344,3196,113.82
504,1,529,344,3181,113.28
505,1,529,344,3183,113.35
506,1,529,344,3200,113.96
507,1,529,344,3200,113.96
508,1,529,344,3193,113.71
509,1,529,344,3195,113.78
510,1,529,344,3189,113.57
511,1,529,344,3197,113.85
512,1,529,344,3204,114.1
513,1,529,344,3193,113.71
514,1,529,344,3198,113.89
515,1,529,344,3190,113.6
516,1,529,344,3176,113.11
517,1,529,344,3182,113.32
518,1,529,344,3201,114.0
519,1,529,344,3191,113.64
520,1,529,344,3199,113.92
521,1,529,344,3208,114.25
522,1,529,344,3193,113.71
523,1,529,344,3194,113.75
524,1,529,344,3182,113.32
525,1,529,344,3170,112.89
526,1,529,344,3193,113.71
527,1,529,344,3185,113.43
528,1,529,345,3183,113.35
529,1,529,344,3198,113.89
530,1,528,345,3170,112.89
531,1,529,344,3211,114.35
532,1,529,344,3170,112.89
533,1,529,344,3195,113.78
534,1,528,344,3189,113.57
535,1,528,345,3186,113.46
536,1,528,345,3172,112.96
537,1,528,345,3176,113.11
538,1,528,345,3180,113.25
539,1,528,345,3184,113.39
540,1,528,345,3180,113.25
541,1,528,345,3193,113.71
542,1,528,345,3189,113.57
543,1,528,345,3199,113.92
544,1,528,345,3167,112.78
545,1,528,345,3188,113.53
546,1,528,345,3166,112.75
547,1,528,345,3169,112.86
548,1,528,345,3180,113.25
549,1,528,345,3167,112.78
550,1,528,345,3172,112.96
551,1,528,345,3179,113.21
552,1,528,345,3183,113.35
553,1,528,345,3177,113.14
554,1,528,345,3166,112.75
555,1,528,345,3185,113.43
556,1,528,344,3186,113.46
557,1,528,344,3149,112.14
558,1,528,345,3158,112.46
559,1,528,345,3158,112.46
560,1,528,344,3173,113.0
561,1,528,344,3123,111.22
562,1,528,344,3132,111.54
563,1,528,344,3127,111.36
564,1,528,345,3124,111.25
565,1,528,344,3140,111.82
566,1,528,344,3114,110.9
567,1,528,344,3112,110.83
568,1,528,344,3116,110.97
569,1,528,344,3107,110.65
570,1,528,344,3099,110.36
571,1,528,344,3090,110.04
572,1,528,343,3092,110.11
573,1,528,343,3094,110.19
574,1,528,344,3101,110.43
575,1,528,344,3118,111.04
576,1,528,344,3109,110.72
577,1,528,344,3108,110.68
578,1,528,344,3096,110.26
579,1,528,344,3111,110.79
580,1,528,344,3093,110.15
581,1,528,344,3110,110.75
582,1,528,344,3100,110.4
583,1,528,344,3112,110.83
584,1,528,344,3114,110.9
585,1,528,344,3090,110.04
586,1,528,344,3071,109.37
587,1,528,344,3094,110.19
588,1,527,344,3063,109.08
589,1,528,344,3075,109.51
590,1,527,344,3036,108.12
591,1,527,344,3041,108.3
592,1,527,344,3041,108.3
593,1,527,344,3064,109.12
594,1,527,344,3044,108.4
595,1,527,344,3023,107.66
596,1,527,344,3028,107.83
597,1,527,344,3052,108.69
598,1,527,344,3068,109.26
599,1,527,343,3081,109.72
600,1,527,343,3074,109.47
601,1,527,343,3082,109.76
602,1,527,343,3079,109.65
603,1,527,343,3087,109.94
604,1,527,343,3089,110.01
605,1,527,343,3086,109.9
606,1,527,343,3077,109.58
607,1,527,343,3086,109.9
608,1,527,343,3096,110.26
609,1,527,343,3116,110.97
610,1,527,343,3118,111.04
611,1,527,343,3150,112.18
612,1,527,343,3173,113.0
613,1,527,343,3164,112.68
614,1,527,343,3176,113.11
615,1,527,343,3179,113.21
616,1,526,343,3194,113.75
617,1,526,343,3239,115.35
618,1,526,343,3221,114.71
619,1,526,343,3228,114.96
620,1,526,342,3233,115.14
621,1,526,342,3222,114.74
622,1,526,342,3246,115.6
623,1,526,342,3232,115.1
624,1,526,342,3219,114.64
625,1,526,343,3237,115.28
626,1,526,343,3236,115.24
627,1,526,343,3212,114.39
628,1,526,343,3238,115.31
629,1,526,343,3195,113.78
630,1,526,343,3193,113.71
631,1,526,343,3184,113.39
632,1,526,343,3215,114.49
633,1,526,343,3229,114.99
634,1,526,343,3213,114.42
635,1,526,343,3202,114.03
636,1,526,343,3239,115.35
637,1,526,343,3220,114.67
638,1,526,343,3242,115.46
639,1,526,343,3239,115.35
640,1,526,343,3239,115.35
641,1,526,343,3234,115.17
642,1,526,343,3234,115.17
643,1,526,343,3234,115.17
644,1,525,343,3234,115.17
645,1,525,343,3242,115.46
646,1,525,343,3256,115.95
647,1,525,343,3265,116.27
648,1,525,343,3247,115.63
649,1,525,342,3270,116.45
650,1,525,342,3289,117.13
651,1,525,342,3290,117.17
652,1,525,343,3283,116.92
653,1,525,343,3299,117.49
654,1,525,343,3283,116.92
655,1,525,343,3292,117.24
656,1,525,343,3285,116.99
657,1,525,342,3284,116.95
658,1,525,343,3287,117.06
659,1,525,343,3302,117.59
660,1,525,342,3293,117.27
661,1,525,343,3308,117.81
662,1,525,343,3320,118.23
663,1,525,343,3322,118.3
664,1,525,343,3317,118.13
665,1,525,343,3325,118.41
666,1,525,343,3328,118.52
667,1,525,343,3327,118.48
668,1,525,343,3328,118.52
669,1,525,343,3321,118.27
670,1,525,343,3315,118.06
671,1,525,343,3311,117.91
672,1,525,343,3320,118.23
673,1,525,343,3318,118.16
674,1,525,343,3347,119.2
675,1,525,343,3337,118.84
676,1,525,343,3348,119.23
677,1,525,343,3349,119.27
678,1,525,343,3356,119.52
679,1,525,343,3360,119.66
680,1,525,343,3356,119.52
681,1,525,343,3344,119.09
682,1,525,343,3362,119.73
683,1,525,343,3341,118.98
684,1,525,343,3369,119.98
685,1,525,343,3361,119.69
686,1,525,343,3368,119.94
687,1,525,343,3361,119.69
688,1,525,343,3364,119.8
689,1,525,343,3359,119.62
690,1,525,343,3359,119.62
691,1,524,342,3148,112.11
692,1,525,343,3374,120.16
693,1,525,343,3348,119.23
694,1,525,343,3335,118.77
695,1,525,343,3368,119.94
696,1,524,342,3173,113.0
697,1,524,342,3171,112.93
698,1,524,342,3161,112.57
699,1,525,342,3378,120.3
700,1,524,342,3180,113.25
701,1,524,342,3140,111.82
702,1,525,343,3353,119.41
703,1,524,342,3184,113.39
704,1,524,342,3164,112.68
705,1,524,343,3181,113.28
706,1,524,342,3150,112.18
707,1,524,342,3132,111.54
708,1,524,343,3145,112.0
709,1,524,342,3125,111.29
710,1,524,342,3111,110.79
711,1,525,343,3419,121.76
712,1,524,342,3175,113.07
713,1,525,343,3400,121.08
714,1,524,343,3167,112.78
715,1,524,342,3168,112.82
716,1,524,342,3158,112.46
717,1,524,342,3185,113.43
718,1,524,342,3154,112.32
719,1,524,342,3157,112.43
720,1,525,343,3409,121.4
721,1,524,342,3198,113.89
722,1,525,343,3420,121.79
723,1,524,342,3204,114.1
724,1,525,343,3449,122.83
725,1,525,342,3454,123.01
726,1,524,342,3203,114.07
727,1,524,342,3175,113.07
728,1,524,342,3193,113.71
729,1,524,342,3202,114.03
730,1,524,342,3195,113.78
731,1,524,342,3196,113.82
732,1,524,342,3176,113.11
733,1,524,342,3146,112.04
734,1,525,343,3395,120.9
735,1,524,342,3187,113.5
736,1,525,342,3430,122.15
737,1,524,342,3192,113.68
738,1,524,342,3196,113.82
739,1,525,342,3451,122.9
740,1,524,342,3215,114.49
741,1,524,342,3189,113.57
742,1,525,343,3439,122.47
743,1,524,342,3194,113.75
744,1,524,342,3175,113.07
745,1,524,342,3188,113.53
746,1,525,342,3419,121.76
747,1,525,342,3428,122.08
748,1,525,342,3446,122.72
749,1,525,342,3434,122.29
750,1,525,342,3441,122.54
751,1,524,342,3214,114.46
752,1,524,342,3213,114.42
753,1,524,342,3218,114.6
754,1,525,342,3442,122.58
755,1,524,342,3196,113.82
756,1,524,342,3185,113.43
757,1,524,342,3180,113.25
758,1,525,343,3385,120.55
759,1,525,342,3396,120.94
760,1,525,342,3420,121.79
761,1,524,342,3196,113.82
762,1,525,342,3423,121.9
763,1,525,342,3425,121.97
764,1,525,342,3436,122.36
765,1,524,342,3216,114.53
766,1,525,343,3421,121.83
767,1,524,342,3199,113.92
768,1,525,343,3405,121.26
769,1,524,342,3179,113.21
770,1,524,342,3169,112.86
771,1,525,343,3385,120.55
772,1,525,343,3390,120.73
773,1,524,343,3154,112.32
774,1,524,342,3173,113.0
775,1,524,343,3153,112.29
776,1,525,343,3364,119.8
777,1,524,342,3174,113.03
778,1,525,343,3391,120.76
779,1,524,342,3189,113.57
780,1,525,343,3423,121.9
781,1,524,342,3197,113.85
782,1,524,342,3193,113.71
783,1,524,342,3166,112.75
784,1,524,342,3159,112.5
785,1,524,342,3150,112.18
786,1,524,342,3155,112.36
787,1,524,342,3124,111.25
788,1,525,343,3400,121.08
789,1,524,342,3181,113.28
790,1,524,342,3163,112.64
791,1,524,342,3129,111.43
792,1,525,343,3397,120.98
793,1,524,342,3185,113.43
794,1,525,342,3450,122.86
795,1,524,342,3183,113.35
796,1,524,342,3170,112.89
797,1,524,342,3207,114.21
798,1,525,342,3413,121.55
799,1,524,342,3173,113.0
800,1,525,342,3431,122.19
801,1,524,342,3183,113.35
802,1,524,342,3176,113.11
803,1,525,342,3431,122.19
804,1,524,342,3212,114.39
805,1,524,342,3169,112.86
806,1,524,342,3201,114.0
807,1,524,342,3201,114.0
808,1,524,342,3159,112.5
809,1,525,342,3437,122.4
810,1,524,342,3188,113.53
811,1,525,343,3384,120.51
812,1,524,342,3192,113.68
813,1,524,342,3201,114.0
814,1,524,343,3180,113.25
815,1,524,342,3173,113.0
816,1,524,342,3145,112.0
817,1,524,343,3195,113.78
818,1,524,342,3125,111.29
819,1,524,342,3121,111.15
820,1,525,343,3405,121.26
821,1,525,343,3414,121.58
822,1,524,342,3198,113.89
823,1,524,342,3201,114.0
824,1,525,343,3426,122.01
825,1,525,343,3416,121.65
826,1,524,342,3222,114.74
827,1,524,342,3206,114.17
828,1,524,343,3186,113.46
829,1,525,342,3452,122.93
830,1,524,342,3181,113.28
831,1,524,342,3184,113.39
832,1,525,343,3403,121.19
833,1,524,342,3178,113.18
834,1,524,342,3188,113.53
835,1,525,342,3407,121.33
836,1,524,343,3179,113.21
837,1,524,342,3139,111.79
838,1,524,343,3162,112.61
839,1,524,342,3141,111.86
840,1,525,343,3406,121.3
841,1,525,342,3425,121.97
842,1,525,343,3411,121.47
843,1,524,342,3181,113.28
844,1,524,342,3194,113.75
845,1,524,342,3166,112.75
846,1,524,342,3168,112.82
847,1,524,342,3155,112.36
848,1,524,343,3405,121.26
849,1,524,343,3164,112.68
850,1,524,342,3141,111.86
851,1,524,342,3143,111.93
852,1,524,343,3157,112.43
853,1,524,343,3381,120.41
854,1,524,343,3409,121.4
855,1,524,342,3144,111.97
856,1,524,343,3380,120.37
857,1,524,342,3177,113.14
858,1,524,343,3412,121.51
859,1,524,343,3184,113.39
860,1,524,343,3174,113.03
861,1,524,343,3400,121.08
862,1,524,343,3163,112.64
863,1,524,343,3115,110.93
864,1,524,343,3131,111.5
865,1,524,342,3124,111.25
866,1,524,342,3118,111.04
867,1,524,343,3371,120.05
868,1,524,343,3127,111.36
869,1,524,343,3142,111.89
870,1,524,343,3380,120.37
871,1,524,343,3133,111.57
872,1,524,343,3366,119.87
873,1,524,343,3142,111.89
874,1,524,343,3376,120.23
875,1,524,343,3127,111.36
876,1,524,343,3128,111.4
877,1,524,343,3368,119.94
878,1,524,343,3136,111.68
879,1,524,343,3127,111.36
880,1,524,343,3404,121.23
881,1,524,343,3131,111.5
882,1,524,343,3408,121.37
883,1,524,343,3406,121.3
884,1,524,343,3128,111.4
885,1,523,343,3116,110.97
886,1,524,343,3401,121.12
887,1,523,343,3125,111.29
888,1,524,343,3410,121.44
889,1,523,343,3137,111.72
890,1,524,343,3408,121.37
891,1,523,344,3117,111.0
892,1,523,344,3087,109.94
893,1,524,344,3385,120.55
894,1,523,344,3089,110.01
895,1,524,344,3351,119.34
896,1,524,344,3337,118.84
897,1,523,343,3069,109.29
898,1,524,344,3331,118.63
899,1,523,343,3056,108.83
900,1,524,344,3345,119.12
901,1,524,344,3340,118.95
902,1,523,343,3060,108.97
903,1,524,344,3324,118.38
904,1,524,344,3329,118.55
905,1,523,344,3342,119.02
906,1,523,344,3360,119.66
907,1,523,344,3332,118.66
908,1,523,344,3337,118.84
909,1,523,344,3343,119.05
910,1,523,343,3320,118.23
911,1,523,344,3324,118.38
912,1,523,343,3322,118.3
913,1,523,343,3323,118.34
914,1,523,343,3301,117.56
915,1,523,343,3312,117.95
916,1,523,344,3293,117.27
917,1,523,344,3288,117.09
918,1,523,344,3273,116.56
919,1,523,344,3270,116.45
920,1,523,344,3249,115.71
921,1,523,344,3233,115.14
922,1,523,344,3228,114.96
923,1,523,344,3227,114.92
924,1,523,344,3223,114.78
925,1,523,344,3230,115.03
926,1,523,344,3199,113.92
927,1,523,344,3208,114.25
928,1,523,344,3209,114.28
929,1,523,344,3216,114.53
930,1,523,345,3200,113.96
931,1,523,344,3201,114.0
932,1,523,344,3195,113.78
933,1,523,344,3192,113.68
934,1,523,345,3200,113.96
935,1,523,345,3193,113.71
936,1,523,344,3199,113.92
937,1,523,344,3197,113.85
938,1,523,344,3189,113.57
939,1,523,344,3189,113.57
940,1,522,345,3185,113.43
941,1,522,344,3195,113.78
942,1,522,344,3182,113.32
943,1,522,344,3172,112.96
944,1,522,344,3157,112.43
945,1,522,344,3168,112.82
946,1,522,344,3141,111.86
947,1,522,344,3155,112.36
948,1,522,344,3148,112.11
949,1,522,344,3149,112.14
950,1,522,344,3133,111.57
951,1,522,344,3142,111.89
952,1,522,344,3154,112.32
953,1,522,344,3137,111.72
954,1,522,344,3137,111.72
955,1,522,344,3145,112.0
956,1,522,344,3130,111.47
957,1,522,344,3124,111.25
958,1,522,344,3126,111.32
959,1,522,344,3142,111.89
960,1,522,344,3154,112.32
961,1,522,344,3146,112.04
962,1,522,344,3148,112.11
963,1,522,344,3135,111.65
964,1,522,344,3138,111.75
965,1,522,344,3145,112.0
966,1,522,344,3134,111.61
967,1,522,344,3122,111.18
968,1,522,344,3137,111.72
969,1,522,343,3125,111.29
970,1,522,344,3135,111.65
971,1,522,344,3124,111.25
972,1,522,344,3130,111.47
973,1,522,344,3132,111.54
974,1,522,344,3131,111.5
975,1,522,344,3129,111.43
976,1,522,344,3131,111.5
977,1,522,343,3131,111.5
978,1,522,344,3118,111.04
979,1,522,343,3118,111.04
980,1,522,343,3124,111.25
981,1,522,343,3122,111.18
982,1,522,343,3124,111.25
983,1,522,344,3124,111.25
984,1,522,344,3127,111.36
985,1,522,344,3134,111.61
986,1,522,344,3137,111.72
987,1,522,343,3141,111.86
988,1,522,343,3124,111.25
989,1,522,343,3131,111.5
990,1,522,343,3133,111.57
991,1,522,343,3124,111.25
992,1,522,344,3128,111.4
993,1,522,344,3129,111.43
994,1,522,344,3133,111.57
995,1,522,344,3136,111.68
996,1,522,343,3126,111.32
997,1,522,344,3122,111.18
998,1,522,344,3136,111.68
999,1,522,344,3136,111.68
1000,1,522,343,3141,111.86
1001,1,522,343,3151,112.22
1002,1,522,343,3149,112.14
1003,1,522,344,3131,111.5
1004,1,522,344,3141,111.86
1005,1,522,344,3150,112.18
1006,1,522,344,3147,112.07
1007,1,522,344,3138,111.75
1008,1,522,344,3155,112.36
1009,1,522,343,3155,112.36
1010,1,522,343,3144,111.97
1011,1,522,344,3152,112.25
1012,1,522,343,3153,112.29
1013,1,522,343,3143,111.93
1014,1,522,343,3145,112.0
1015,1,522,343,3141,111.86
1016,1,522,343,3142,111.89
1017,1,522,343,3147,112.07
1018,1,522,343,3128,111.4
1019,1,522,343,3134,111.61
1020,1,522,344,3144,111.97
1021,1,522,344,3157,112.43
1022,1,522,343,3140,111.82
1023,1,522,344,3139,111.79
1024,1,522,343,3143,111.93
1025,1,522,344,3136,111.68
1026,1,522,344,3137,111.72
1027,1,522,343,3142,111.89
1028,1,522,344,3140,111.82
1029,1,522,344,3133,111.57
1030,1,522,344,3141,111.86
1031,1,522,343,3139,111.79
1032,1,522,343,3139,111.79
1033,1,522,343,3144,111.97
1034,1,522,344,3147,112.07
1035,1,522,343,3148,112.11
1036,1,522,344,3137,111.72
1037,1,522,343,3144,111.97
1038,1,522,344,3142,111.89
1039,1,522,344,3146,112.04
1040,1,522,343,3151,112.22
1041,1,522,344,3144,111.97
1042,1,522,344,3143,111.93
1043,1,522,344,3149,112.14
1044,1,522,343,3151,112.22
1045,1,522,344,3147,112.07
1046,1,522,344,3140,111.82
1047,1,522,344,3148,112.11
1048,1,522,344,3149,112.14
1049,1,522,344,3155,112.36
1050,1,522,344,3153,112.29
1051,1,522,344,3147,112.07
1052,1,522,344,3149,112.14
1053,1,522,343,3158,112.46
1054,1,522,344,3151,112.22
1055,1,522,344,3136,111.68
1056,1,522,344,3153,112.29
1057,1,522,343,3146,112.04
1058,1,522,344,3138,111.75
1059,1,522,344,3151,112.22
1060,1,522,344,3140,111.82
1061,1,522,343,3157,112.43
1062,1,522,343,3151,112.22
1063,1,522,343,3151,112.22
1064,1,522,343,3144,111.97
1065,1,522,344,3145,112.0
1066,1,522,343,3147,112.07
1067,1,522,343,3151,112.22
1068,1,522,343,3161,112.57
1069,1,522,343,3155,112.36
1070,1,522,343,3154,112.32
1071,1,522,343,3135,111.65
1072,1,522,343,3138,111.75
1073,1,522,343,3141,111.86
1074,1,522,343,3151,112.22
1075,1,522,344,3156,112.39
1076,1,522,343,3150,112.18
1077,1,522,343,3147,112.07
1078,1,522,343,3143,111.93
1079,1,522,343,3162,112.61
1080,1,522,344,3147,112.07
1081,1,522,344,3152,112.25
1082,1,522,343,3158,112.46
1083,1,522,344,3156,112.39
1084,1,522,343,3148,112.11
1085,1,522,343,3150,112.18
1086,1,522,343,3154,112.32
1087,1,522,343,3151,112.22
1088,1,522,343,3147,112.07
1089,1,522,343,3151,112.22
1090,1,522,343,3153,112.29
1091,1,522,344,3165,112.71
1092,1,522,344,3157,112.43
1093,1,522,343,3148,112.11
1094,1,522,343,3136,111.68
1095,1,522,344,3136,111.68
1096,1,522,344,3143,111.93
1097,1,522,343,3139,111.79
1098,1,522,344,3148,112.11
1099,1,522,343,3154,112.32
1100,1,522,343,3154,112.32
1101,1,522,344,3162,112.61
1102,1,522,343,3154,112.32
1103,1,522,344,3154,112.32
1104,1,522,344,3156,112.39
1105,1,522,343,3151,112.22
1106,1,522,343,3145,112.0
1107,1,522,344,3151,112.22
1108,1,522,343,3149,112.14
1109,1,522,344,3155,112.36
1110,1,522,343,3150,112.18
1111,1,522,343,3145,112.0
1112,1,522,343,3148,112.11
1113,1,522,343,3149,112.14
1114,1,522,343,3150,112.18
1115,1,522,343,3139,111.79
1116,1,522,343,3136,111.68
1117,1,522,343,3142,111.89
1118,1,522,343,3143,111.93
1119,1,522,343,3144,111.97
1120,1,522,343,3152,112.25
1121,1,522,344,3138,111.75
1122,1,522,344,3147,112.07
1123,1,522,344,3137,111.72
1124,1,522,343,3146,112.04
1125,1,522,343,3144,111.97
1126,1,522,343,3149,112.14
1127,1,522,344,3143,111.93
1128,1,522,343,3142,111.89
1129,1,522,343,3143,111.93
1130,1,522,344,3144,111.97
1131,1,522,344,3138,111.75
1132,1,522,344,3132,111.54
1133,1,522,343,3141,111.86
1134,1,522,344,3147,112.07
1135,1,522,344,3136,111.68
1136,1,522,344,3154,112.32
1137,1,522,344,3151,112.22
1138,1,522,343,3158,112.46
1139,1,522,344,3157,112.43
1140,1,522,343,3151,112.22
1141,1,522,343,3154,112.32
1142,1,522,344,3154,112.32
1143,1,522,343,3144,111.97
1144,1,522,344,3127,111.36
1145,1,522,344,3147,112.07
1146,1,522,344,3158,112.46
1147,1,522,343,3154,112.32
1148,1,522,344,3149,112.14
1149,1,522,343,3140,111.82
1150,1,522,343,3151,112.22
1151,1,522,343,3149,112.14
1152,1,522,344,3139,111.79
1153,1,522,344,3131,111.5
1154,1,522,344,3126,111.32
1155,1,522,344,3150,112.18
1156,1,522,343,3147,112.07
1157,1,522,343,3151,112.22
1158,1,522,343,3151,112.22
1159,1,522,344,3150,112.18
1160,1,522,344,3146,112.04
1161,1,522,343,3146,112.04
1162,1,522,344,3145,112.0
1163,1,522,344,3142,111.89
1164,1,522,343,3138,111.75
1165,1,522,343,3136,111.68
1166,1,522,344,3144,111.97
1167,1,522,344,3136,111.68
1168,1,522,343,3142,111.89
1169,1,522,343,3131,111.5
1170,1,522,344,3141,111.86
1171,1,522,343,3131,111.5
1172,1,522,344,3144,111.97
1173,1,522,344,3137,111.72
1174,1,522,343,3141,111.86
1175,1,522,343,3154,112.32
1176,1,522,344,3154,112.32
1177,1,522,343,3153,112.29
1178,1,522,344,3148,112.11
1179,1,522,343,3149,112.14
1180,1,522,344,3157,112.43
1181,1,522,344,3154,112.32
1182,1,522,344,3147,112.07
1183,1,522,343,3134,111.61
1184,1,522,343,3135,111.65
1185,1,522,343,3117,111.0
1186,1,522,344,3133,111.57
1187,1,522,343,3132,111.54
1188,1,522,343,3120,111.11
1189,1,522,344,3138,111.75
1190,1,522,343,3138,111.75
1191,1,522,343,3149,112.14
1192,1,522,343,3142,111.89
1193,1,522,343,3123,111.22
1194,1,522,343,3131,111.5
1195,1,522,343,3124,111.25
1196,1,522,343,3122,111.18
1197,1,522,344,3135,111.65
1198,1,522,343,3130,111.47
1199,1,522,343,3124,111.25
1200,1,522,343,3109,110.72
1201,1,522,343,3126,111.32
1202,1,522,343,3121,111.15
1203,1,522,343,3117,111.0
1204,1,522,344,3123,111.22
1205,1,522,343,3136,111.68
1206,1,522,343,3129,111.43
1207,1,522,343,3129,111.43
1208,1,522,343,3136,111.68
1209,1,522,343,3135,111.65
1210,1,522,343,3127,111.36
1211,1,522,343,3139,111.79
1212,1,522,343,3134,111.61
1213,1,522,344,3137,111.72
1214,1,522,344,3134,111.61
1215,1,522,344,3133,111.57
1216,1,522,344,3136,111.68
1217,1,522,344,3138,111.75
1218,1,522,343,3131,111.5
1219,1,522,343,3131,111.5
1220,1,522,343,3137,111.72
1221,1,522,343,3138,111.75
1222,1,522,344,3138,111.75
1223,1,522,344,3140,111.82
1224,1,522,343,3117,111.0
1225,1,522,344,3121,111.15
1226,1,522,344,3131,111.5
1227,1,522,343,3128,111.4
1228,1,522,343,3129,111.43
1229,1,522,343,3119,111.08
1230,1,522,343,3137,111.72
1231,1,522,343,3128,111.4
1232,1,522,343,3130,111.47
1233,1,522,343,3116,110.97
1234,1,522,344,3127,111.36
1235,1,522,343,3129,111.43
1236,1,522,343,3132,111.54
1237,1,522,343,3127,111.36
1238,1,522,344,3139,111.79
1239,1,522,343,3133,111.57
1240,1,522,343,3123,111.22
1241,1,522,343,3141,111.86
1242,1,522,343,3124,111.25
1243,1,522,343,3126,111.32
1244,1,522,343,3140,111.82
1245,1,522,343,3133,111.57
1246,1,522,343,3122,111.18
1247,1,522,343,3132,111.54
1248,1,522,343,3132,111.54
1249,1,522,343,3138,111.75
1250,1,522,343,3117,111.0
1251,1,522,343,3132,111.54
1252,1,522,343,3125,111.29
1253,1,522,343,3119,111.08
1254,1,522,343,3126,111.32
1255,1,522,343,3119,111.08
1256,1,522,343,3121,111.15
1257,1,522,343,3124,111.25
1258,1,522,343,3138,111.75
1259,1,522,343,3127,111.36
1260,1,522,343,3133,111.57
1261,1,522,344,3126,111.32
1262,1,522,343,3138,111.75
1263,1,522,343,3140,111.82
1264,1,522,343,3130,111.47
1265,1,522,343,3126,111.32
1266,1,522,343,3132,111.54
1267,1,522,343,3123,111.22
1268,1,522,343,3121,111.15
1269,1,522,344,3125,111.29
1270,1,522,344,3123,111.22
1271,1,522,343,3136,111.68
1272,1,522,343,3127,111.36
1273,1,522,343,3134,111.61
1274,1,522,344,3123,111.22
1275,1,522,344,3131,111.5
1276,1,522,344,3136,111.68
1277,1,522,344,3136,111.68
1278,1,522,344,3137,111.72
1279,1,522,344,3126,111.32
1280,1,522,344,3134,111.61
1281,1,522,344,3133,111.57
1282,1,522,343,3139,111.79
1283,1,522,344,3131,111.5
1284,1,522,344,3142,111.89
1285,1,522,343,3124,111.25
1286,1,522,343,3139,111.79
1287,1,522,343,3121,111.15
1288,1,522,343,3133,111.57
1289,1,522,343,3130,111.47
1290,1,522,344,3142,111.89
1291,1,522,344,3129,111.43
1292,1,522,343,3142,111.89
1293,1,522,344,3150,112.18
1294,1,522,344,3144,111.97
1295,1,522,343,3132,111.54
1296,1,522,343,3129,111.43
1297,1,522,343,3140,111.82
1298,1,522,343,3136,111.68
1299,1,522,343,3149,112.14
1300,1,522,344,3141,111.86
1301,1,522,343,3147,112.07
1302,1,522,344,3151,112.22
1303,1,522,343,3149,112.14
1304,1,522,343,3156,112.39
1305,1,522,343,3147,112.07
1306,1,522,344,3135,111.65
1307,1,522,344,3130,111.47
1308,1,522,344,3127,111.36
1309,1,522,344,3134,111.61
1310,1,522,343,3150,112.18
1311,1,522,344,3149,112.14
1312,1,522,344,3138,111.75
1313,1,522,344,3140,111.82
1314,1,522,343,3134,111.61
1315,1,522,344,3140,111.82
1316,1,522,344,3142,111.89
1317,1,522,343,3140,111.82
1318,1,522,343,3146,112.04
1319,1,522,344,3143,111.93
1320,1,522,343,3146,112.04
1321,1,522,343,3135,111.65
1322,1,522,343,3138,111.75
1323,1,522,344,3142,111.89
1324,1,522,344,3140,111.82
1325,1,522,343,3130,111.47
1326,1,522,343,3123,111.22
1327,1,522,343,3137,111.72
1328,1,522,343,3131,111.5
1329,1,522,343,3140,111.82
1330,1,522,343,3130,111.47
1331,1,522,343,3141,111.86
1332,1,522,343,3132,111.54
1333,1,522,343,3129,111.43
1334,1,522,344,3135,111.65
1335,1,522,344,3137,111.72
1336,1,522,343,3152,112.25
1337,1,522,344,3140,111.82
1338,1,522,344,3129,111.43
1339,1,522,344,3141,111.86
1340,1,522,343,3145,112.0
1341,1,522,343,3146,112.04
1342,1,522,343,3132,111.54
1343,1,522,344,3158,112.46
1344,1,522,344,3148,112.11
1345,1,522,344,3150,112.18
1346,1,522,343,3134,111.61
1347,1,522,343,3130,111.47
1348,1,522,343,3137,111.72
1349,1,522,343,3134,111.61
1350,1,522,344,3139,111.79
1351,1,522,344,3130,111.47
1352,1,522,343,3140,111.82
1353,1,522,343,3130,111.47
1354,1,522,344,3131,111.5
1355,1,522,344,3140,111.82
1356,1,522,344,3119,111.08
1357,1,522,344,3141,111.86
1358,1,522,343,3137,111.72
1359,1,522,343,3130,111.47
1360,1,522,344,3139,111.79
1361,1,522,343,3130,111.47
1362,1,522,344,3127,111.36
1363,1,522,343,3136,111.68
1364,1,522,344,3149,112.14
1365,1,522,343,3145,112.0
1366,1,522,344,3131,111.5
1367,1,522,343,3140,111.82
1368,1,522,343,3138,111.75
1369,1,522,343,3130,111.47
1370,1,522,343,3132,111.54
1371,1,522,343,3141,111.86
1372,1,522,343,3148,112.11
1373,1,522,344,3140,111.82
1374,1,522,343,3130,111.47
1375,1,522,344,3144,111.97
1376,1,522,344,3151,112.22
1377,1,522,344,3159,112.5
1378,1,522,344,3132,111.54
1379,1,522,343,3133,111.57
1380,1,522,343,3126,111.32
1381,1,522,343,3144,111.97
1382,1,522,343,3139,111.79
1383,1,522,343,3133,111.57
1384,1,522,343,3139,111.79
1385,1,522,343,3134,111.61
1386,1,522,344,3131,111.5
1387,1,522,343,3123,111.22
1388,1,522,343,3132,111.54
1389,1,522,343,3131,111.5
1390,1,522,344,3117,111.0
1391,1,522,343,3127,111.36
1392,1,522,343,3120,111.11
1393,1,522,344,3122,111.18
1394,1,522,343,3124,111.25
1395,1,522,344,3128,111.4
1396,1,522,344,3134,111.61
1397,1,522,343,3111,110.79
1398,1,522,343,3123,111.22
1399,1,522,344,3128,111.4
1400,1,522,344,3131,111.5
1401,1,522,344,3141,111.86
1402,1,522,344,3141,111.86
1403,1,522,344,3150,112.18
1404,1,522,344,3156,112.39
1405,1,522,344,3146,112.04
1406,1,522,343,3138,111.75
1407,1,522,343,3136,111.68
1408,1,522,343,3141,111.86
1409,1,522,343,3135,111.65
1410,1,522,343,3133,111.57
1411,1,522,343,3141,111.86
1412,1,522,343,3142,111.89
1413,1,522,343,3131,111.5
1414,1,522,343,3129,111.43
1415,1,522,343,3137,111.72
1416,1,522,343,3116,110.97
1417,1,522,344,3129,111.43
1418,1,522,344,3128,111.4
1419,1,522,343,3149,112.14
1420,1,522,344,3129,111.43
1421,1,522,343,3133,111.57
1422,1,522,344,3147,112.07
1423,1,522,344,3147,112.07
1424,1,522,343,3151,112.22
1425,1,522,344,3154,112.32
1426,1,522,344,3142,111.89
1427,1,522,344,3138,111.75
1428,1,522,343,3155,112.36
1429,1,522,344,3148,112.11
1430,1,522,343,3159,112.5
1431,1,522,343,3132,111.54
1432,1,522,344,3135,111.65
1433,1,522,343,3132,111.54
1434,1,522,344,3136,111.68
1435,1,522,343,3126,111.32
1436,1,522,343,3136,111.68
1437,1,522,343,3134,111.61
1438,1,522,343,3152,112.25
1439,1,522,343,3152,112.25
1440,1,522,343,3144,111.97
1441,1,522,344,3149,112.14
1442,1,522,343,3142,111.89
1443,1,522,344,3138,111.75
1444,1,522,343,3160,112.54
1445,1,522,343,3143,111.93
1446,1,522,343,3131,111.5
1447,1,522,343,3139,111.79
1448,1,522,343,3134,111.61
1449,1,522,343,3133,111.57
1450,1,522,343,3138,111.75
1451,1,522,343,3130,111.47
1452,1,522,344,3148,112.11
1453,1,522,343,3146,112.04
1454,1,522,344,3138,111.75
1455,1,522,343,3126,111.32
1456,1,522,343,3132,111.54
1457,1,522,343,3138,111.75
1458,1,522,343,3133,111.57
1459,1,522,343,3131,111.5
1460,1,522,343,3137,111.72
1461,1,522,343,3128,111.4
1462,1,522,343,3133,111.57
1463,1,522,343,3117,111.0
1464,1,522,343,3127,111.36
1465,1,522,343,3145,112.0
1466,1,522,343,3131,111.5
1467,1,522,343,3124,111.25
1468,1,522,343,3136,111.68
1469,1,522,343,3132,111.54
1470,1,522,344,3136,111.68
1471,1,522,344,3136,111.68
1472,1,522,343,3138,111.75
1473,1,522,343,3139,111.79
1474,1,522,343,3149,112.14
1475,1,522,343,3132,111.54
1476,1,522,344,3143,111.93
1477,1,522,344,3137,111.72
1478,1,522,344,3138,111.75
1479,1,522,343,3129,111.43
1480,1,522,344,3140,111.82
1481,1,522,344,3139,111.79
1482,1,522,344,3134,111.61
1483,1,522,344,3127,111.36
1484,1,522,344,3138,111.75
1485,1,522,344,3139,111.79
1486,1,522,344,3130,111.47
1487,1,522,344,3148,112.11
1488,1,522,343,3146,112.04
1489,1,522,343,3148,112.11
1490,1,522,343,3152,112.25
1491,1,522,343,3140,111.82
1492,1,522,343,3123,111.22
1493,1,522,343,3133,111.57
1494,1,522,344,3147,112.07
1495,1,522,343,3135,111.65
1496,1,522,343,3127,111.36
1497,1,522,343,3135,111.65
1498,1,522,343,3130,111.47
1499,1,522,343,3144,111.97
1500,1,522,343,3132,111.54
1501,1,522,344,3136,111.68
1502,1,522,344,3148,112.11
1503,1,522,343,3142,111.89
1504,1,522,344,3129,111.43
1505,1,522,343,3127,111.36
1506,1,522,344,3154,112.32
1507,1,522,343,3140,111.82
1508,1,522,343,3126,111.32
1509,1,522,343,3138,111.75
1510,1,522,344,3135,111.65
1511,1,522,344,3134,111.61
1512,1,522,343,3130,111.47
1513,1,522,343,3130,111.47
1514,1,522,344,3133,111.57
1515,1,522,343,3133,111.57
1516,1,522,344,3137,111.72
1517,1,522,344,3142,111.89
1518,1,522,344,3137,111.72
1519,1,522,343,3132,111.54
1520,1,522,343,3132,111.54
1521,1,522,343,3155,112.36
1522,1,522,344,3156,112.39
1523,1,522,344,3144,111.97
1524,1,522,344,3142,111.89
1525,1,522,344,3153,112.29
1526,1,522,344,3143,111.93
1527,1,522,344,3137,111.72
1528,1,522,344,3138,111.75
1529,1,522,343,3133,111.57
1530,1,522,343,3151,112.22
1531,1,522,343,3153,112.29
1532,1,522,344,3146,112.04
1533,1,522,344,3134,111.61
1534,1,522,344,3136,111.68
1535,1,522,344,3130,111.47
1536,1,522,343,3123,111.22
1537,1,522,344,3129,111.43
1538,1,522,344,3121,111.15
1539,1,522,343,3140,111.82
1540,1,522,343,3122,111.18
1541,1,522,343,3131,111.5
1542,1,522,343,3130,111.47
1543,1,522,343,3117,111.0
1544,1,522,343,3124,111.25
1545,1,522,343,3124,111.25
1546,1,522,343,3126,111.32
1547,1,522,344,3119,111.08
1548,1,522,343,3128,111.4
1549,1,522,343,3130,111.47
1550,1,522,343,3116,110.97
1551,1,522,343,3113,110.86
1552,1,522,344,3110,110.75
1553,1,522,343,3127,111.36
1554,1,522,343,3135,111.65
1555,1,522,343,3137,111.72
1556,1,522,343,3144,111.97
1557,1,522,343,3120,111.11
1558,1,522,344,3127,111.36
1559,1,522,343,3121,111.15
1560,1,522,343,3125,111.29
1561,1,522,343,3123,111.22
1562,1,522,343,3120,111.11
1563,1,522,344,3121,111.15
1564,1,522,344,3131,111.5
1565,1,522,343,3127,111.36
1566,1,522,343,3129,111.43
1567,1,522,343,3118,111.04
1568,1,522,344,3124,111.25
1569,1,522,343,3109,110.72
1570,1,522,343,3113,110.86
1571,1,522,343,3123,111.22
1572,1,522,344,3132,111.54
1573,1,522,343,3134,111.61
1574,1,522,343,3139,111.79
1575,1,522,343,3126,111.32
1576,1,522,344,3139,111.79
1577,1,522,343,3125,111.29
1578,1,522,343,3122,111.18
1579,1,522,343,3130,111.47
1580,1,522,343,3134,111.61
1581,1,522,343,3140,111.82
1582,1,522,343,3131,111.5
1583,1,522,343,3129,111.43
1584,1,522,344,3149,112.14
1585,1,522,343,3143,111.93
1586,1,522,343,3123,111.22
1587,1,522,343,3136,111.68
1588,1,522,343,3128,111.4
1589,1,522,343,3130,111.47
1590,1,522,343,3118,111.04
1591,1,522,344,3127,111.36
1592,1,522,343,3126,111.32
1593,1,522,343,3121,111.15
1594,1,522,343,3119,111.08
1595,1,522,343,3129,111.43
1596,1,522,343,3110,110.75
1597,1,522,343,3129,111.43
1598,1,522,344,3135,111.65
1599,1,522,344,3139,111.79
1600,1,522,344,3126,111.32
1601,1,522,344,3133,111.57
1602,1,522,344,3135,111.65
1603,1,522,344,3136,111.68
1604,1,522,344,3149,112.14
1605,1,522,344,3131,111.5
1606,1,522,344,3139,111.79
1607,1,522,344,3140,111.82
1608,1,522,344,3137,111.72
1609,1,522,344,3136,111.68
1610,1,522,344,3145,112.0
1611,1,522,343,3150,112.18
1612,1,522,344,3133,111.57
1613,1,522,344,3142,111.89
1614,1,522,343,3142,111.89
1615,1,522,344,3146,112.04
1616,1,522,344,3143,111.93
1617,1,522,344,3137,111.72
1618,1,522,344,3153,112.29
1619,1,522,343,3139,111.79
1620,1,522,343,3131,111.5
1621,1,522,344,3145,112.0
1622,1,522,344,3146,112.04
1623,1,522,344,3137,111.72
1624,1,522,344,3136,111.68
1625,1,522,343,3149,112.14
1626,1,522,344,3154,112.32
1627,1,522,344,3145,112.0
1628,1,522,344,3143,111.93
1629,1,522,344,3134,111.61
1630,1,522,344,3143,111.93
1631,1,522,343,3146,112.04
1632,1,522,344,3142,111.89
1633,1,522,344,3131,111.5
1634,1,522,343,3143,111.93
1635,1,522,343,3138,111.75
1636,1,522,343,3136,111.68
1637,1,522,343,3151,112.22
1638,1,522,343,3144,111.97
1639,1,522,343,3141,111.86
1640,1,522,344,3145,112.0
1641,1,522,344,3142,111.89
1642,1,522,343,3141,111.86
1643,1,522,343,3146,112.04
1644,1,522,344,3140,111.82
1645,1,522,343,3146,112.04
1646,1,522,344,3151,112.22
1647,1,522,343,3148,112.11
1648,1,522,343,3135,111.65
1649,1,522,344,3144,111.97
1650,1,522,344,3149,112.14
1651,1,522,343,3136,111.68
1652,1,522,343,3137,111.72
1653,1,522,343,3137,111.72
1654,1,522,343,3143,111.93
1655,1,522,343,3137,111.72
1656,1,522,343,3140,111.82
1657,1,522,343,3135,111.65
1658,1,522,344,3139,111.79
1659,1,522,343,3138,111.75
1660,1,522,344,3142,111.89
1661,1,522,344,3135,111.65
1662,1,522,344,3133,111.57
1663,1,522,344,3133,111.57
1664,1,522,343,3131,111.5
1665,1,522,343,3150,112.18
1666,1,522,344,3141,111.86
1667,1,522,343,3140,111.82
1668,1,522,344,3138,111.75
1669,1,522,344,3155,112.36
1670,1,522,343,3143,111.93
1671,1,522,343,3148,112.11
1672,1,522,343,3153,112.29
1673,1,522,344,3154,112.32
1674,1,522,343,3156,112.39
1675,1,522,344,3151,112.22
1676,1,522,344,3138,111.75
1677,1,522,344,3146,112.04
1678,1,522,343,3150,112.18
1679,1,522,343,3143,111.93
1680,1,522,343,3155,112.36
1681,1,522,343,3148,112.11
1682,1,522,343,3156,112.39
1683,1,522,344,3154,112.32
1684,1,522,344,3158,112.46
1685,1,522,344,3158,112.46
1686,1,522,344,3151,112.22
1687,1,522,343,3154,112.32
1688,1,522,343,3159,112.5
1689,1,522,344,3154,112.32
1690,1,522,343,3159,112.5
1691,1,522,343,3137,111.72
1692,1,522,344,3149,112.14
1693,1,522,343,3148,112.11
1694,1,522,343,3142,111.89
1695,1,522,343,3147,112.07
1696,1,522,343,3145,112.0
1697,1,522,343,3136,111.68
1698,1,522,343,3146,112.04
1699,1,522,343,3153,112.29
1700,1,522,343,3155,112.36
1701,1,522,343,3140,111.82
1702,1,522,343,3154,112.32
1703,1,522,343,3151,112.22
1704,1,522,344,3160,112.54
1705,1,522,343,3153,112.29
1706,1,522,343,3148,112.11
1707,1,522,343,3143,111.93
1708,1,522,343,3154,112.32
1709,1,522,343,3146,112.04
1710,1,522,344,3147,112.07
1711,1,522,344,3145,112.0
1712,1,522,343,3140,111.82
1713,1,522,343,3132,111.54
1714,1,522,343,3148,112.11
1715,1,522,343,3136,111.68
1716,1,522,343,3141,111.86
1717,1,522,344,3152,112.25
1718,1,522,344,3151,112.22
1719,1,522,343,3149,112.14
1720,1,522,343,3146,112.04
1721,1,522,343,3153,112.29
1722,1,522,343,3154,112.32
1723,1,522,343,3148,112.11
1724,1,522,343,3140,111.82
1725,1,522,343,3143,111.93
1726,1,522,343,3141,111.86
1727,1,522,343,3147,112.07
1728,1,522,344,3154,112.32
1729,1,522,343,3158,112.46
1730,1,522,344,3160,112.54
1731,1,522,343,3166,112.75
1732,1,522,343,3154,112.32
1733,1,522,344,3161,112.57
1734,1,522,344,3147,112.07
1735,1,522,344,3154,112.32
1736,1,522,343,3154,112.32
1737,1,522,343,3131,111.5
1738,1,522,343,3144,111.97
1739,1,522,343,3134,111.61
1740,1,522,343,3146,112.04
1741,1,522,344,3158,112.46
1742,1,522,344,3146,112.04
1743,1,522,343,3139,111.79
1744,1,522,343,3138,111.75
1745,1,522,344,3153,112.29
1746,1,522,343,3156,112.39
1747,1,522,344,3142,111.89
1748,1,522,343,3150,112.18
1749,1,522,343,3150,112.18
1750,1,522,343,3146,112.04
1751,1,522,343,3152,112.25
1752,1,522,343,3142,111.89
1753,1,522,344,3138,111.75
1754,1,522,344,3144,111.97
1755,1,522,343,3150,112.18
1756,1,522,343,3127,111.36
1757,1,522,343,3151,112.22
1758,1,522,343,3144,111.97
1759,1,522,344,3152,112.25
1760,1,522,344,3147,112.07
1761,1,522,343,3151,112.22
1762,1,522,344,3159,112.5
1763,1,522,344,3146,112.04
1764,1,522,343,3161,112.57
1765,1,522,344,3142,111.89
1766,1,522,343,3150,112.18
1767,1,522,343,3146,112.04
1768,1,522,343,3151,112.22
1769,1,522,343,3148,112.11
1770,1,522,343,3154,112.32
1771,1,522,343,3151,112.22
1772,1,522,343,3153,112.29
1773,1,522,344,3138,111.75
1774,1,522,343,3151,112.22
1775,1,522,343,3146,112.04
1776,1,522,343,3149,112.14
1777,1,522,344,3154,112.32
1778,1,522,343,3150,112.18
1779,1,522,344,3155,112.36
1780,1,522,343,3155,112.36
1781,1,522,344,3147,112.07
1782,1,522,343,3143,111.93
1783,1,522,344,3142,111.89
1784,1,522,344,3158,112.46
1785,1,522,344,3153,112.29
1786,1,522,343,3158,112.46
1787,1,522,343,3151,112.22
1788,1,522,343,3148,112.11
1789,1,522,343,3149,112.14
1790,1,522,344,3148,112.11
1791,1,522,344,3153,112.29
1792,1,522,343,3137,111.72
1793,1,522,343,3129,111.43
1794,1,522,343,3146,112.04
1795,1,522,343,3144,111.97
1796,1,522,344,3155,112.36
1797,1,522,343,3142,111.89
1798,1,522,343,3134,111.61
1799,1,522,343,3130,111.47
1800,1,522,343,3144,111.97
1801,1,522,344,3150,112.18
1802,1,522,344,3144,111.97
1803,1,522,344,3157,112.43
1804,1,522,344,3148,112.11
1805,1,522,343,3157,112.43
1806,1,522,343,3160,112.54
1807,1,522,344,3162,112.61
1808,1,522,343,3156,112.39
1809,1,522,344,3149,112.14
1810,1,522,344,3157,112.43
1811,1,522,344,3163,112.64
1812,1,522,343,3145,112.0
1813,1,522,344,3152,112.25
1814,1,522,344,3153,112.29
1815,1,522,344,3153,112.29
1816,1,522,344,3163,112.64
1817,1,522,344,3163,112.64
1818,1,522,343,3157,112.43
1819,1,522,343,3151,112.22
1820,1,522,343,3143,111.93
1821,1,522,343,3154,112.32
1822,1,522,343,3141,111.86
1823,1,522,343,3142,111.89
1824,1,522,343,3143,111.93
1825,1,522,343,3141,111.86
1826,1,522,343,3133,111.57
1827,1,522,343,3133,111.57
1828,1,522,343,3143,111.93
1829,1,522,343,3136,111.68
1830,1,522,343,3143,111.93
1831,1,522,343,3142,111.89
1832,1,522,343,3133,111.57
1833,1,522,343,3142,111.89
1834,1,522,343,3149,112.14
1835,1,522,343,3144,111.97
1836,1,522,343,3141,111.86
1837,1,522,343,3138,111.75
1838,1,522,343,3137,111.72
1839,1,522,343,3147,112.07
1840,1,522,343,3146,112.04
1841,1,522,343,3148,112.11
1842,1,522,343,3144,111.97
1843,1,522,344,3139,111.79
1844,1,522,343,3146,112.04
1845,1,522,343,3150,112.18
1846,1,522,343,3142,111.89
1847,1,522,343,3135,111.65
1848,1,522,343,3155,112.36
1849,1,522,343,3146,112.04
1850,1,522,343,3151,112.22
1851,1,522,343,3149,112.14
1852,1,522,343,3142,111.89
1853,1,522,344,3135,111.65
1854,1,522,344,3133,111.57
1855,1,522,344,3131,111.5
1856,1,522,344,3138,111.75
1857,1,522,344,3137,111.72
1858,1,522,343,3138,111.75
1859,1,522,344,3150,112.18
1860,1,522,344,3144,111.97
1861,1,522,344,3150,112.18
1862,1,522,344,3150,112.18
1863,1,522,343,3149,112.14
1864,1,522,344,3144,111.97
1865,1,522,343,3134,111.61
1866,1,522,343,3150,112.18
1867,1,522,344,3147,112.07
1868,1,522,343,3151,112.22
1869,1,522,343,3150,112.18
1870,1,522,343,3140,111.82
1871,1,522,343,3150,112.18
1872,1,522,343,3143,111.93
1873,1,522,344,3147,112.07
1874,1,522,343,3145,112.0
1875,1,522,344,3148,112.11
1876,1,522,344,3144,111.97
1877,1,522,344,3149,112.14
1878,1,522,343,3144,111.97
1879,1,522,343,3150,112.18
1880,1,522,343,3147,112.07
1881,1,522,343,3154,112.32
1882,1,522,344,3149,112.14
1883,1,522,344,3140,111.82
1884,1,522,344,3142,111.89
1885,1,522,343,3141,111.86
1886,1,522,344,3147,112.07
1887,1,522,344,3154,112.32
1888,1,522,344,3149,112.14
1889,1,522,344,3148,112.11
1890,1,522,344,3143,111.93
1891,1,522,344,3155,112.36
1892,1,522,344,3139,111.79
1893,1,522,344,3141,111.86
1894,1,522,344,3144,111.97
1895,1,522,344,3151,112.22
1896,1,522,344,3137,111.72
1897,1,522,344,3150,112.18
1898,1,522,344,3146,112.04
1899,1,522,344,3147,112.07
1900,1,522,344,3140,111.82
1901,1,522,344,3153,112.29
1902,1,522,343,3131,111.5
1903,1,522,344,3140,111.82
1904,1,522,344,3153,112.29
1905,1,522,344,3147,112.07
1906,1,522,344,3138,111.75
1907,1,522,344,3127,111.36
1908,1,522,344,3125,111.29
1909,1,522,344,3126,111.32
1910,1,522,344,3129,111.43
1911,1,522,343,3144,111.97
1912,1,522,343,3144,111.97
1913,1,522,344,3148,112.11
1914,1,522,343,3130,111.47
1915,1,522,343,3131,111.5
1916,1,522,343,3123,111.22
1917,1,522,343,3129,111.43
1918,1,522,343,3131,111.5
1919,1,522,343,3129,111.43
1920,1,522,343,3137,111.72
1921,1,522,343,3130,111.47
1922,1,522,343,3131,111.5
1923,1,522,344,3141,111.86
1924,1,522,344,3141,111.86
1925,1,522,343,3129,111.43
1926,1,522,343,3127,111.36
1927,1,522,343,3134,111.61
1928,1,522,343,3139,111.79
1929,1,522,343,3139,111.79
1930,1,522,344,3141,111.86
1931,1,522,343,3138,111.75
1932,1,522,344,3145,112.0
1933,1,522,344,3150,112.18
1934,1,522,344,3140,111.82
1935,1,522,344,3141,111.86
1936,1,522,344,3144,111.97
1937,1,522,344,3154,112.32
1938,1,522,344,3147,112.07
1939,1,522,344,3141,111.86
1940,1,522,344,3149,112.14
1941,1,522,344,3149,112.14
1942,1,522,344,3137,111.72
1943,1,522,343,3126,111.32
1944,1,522,343,3137,111.72
1945,1,522,343,3142,111.89
1946,1,522,343,3156,112.39
1947,1,522,343,3148,112.11
1948,1,522,344,3158,112.46
1949,1,522,343,3162,112.61
1950,1,522,343,3144,111.97
1951,1,522,343,3138,111.75
1952,1,522,343,3132,111.54
1953,1,522,343,3143,111.93
1954,1,522,344,3153,112.29
1955,1,522,343,3149,112.14
1956,1,522,343,3149,112.14
1957,1,522,343,3153,112.29
1958,1,522,344,3148,112.11
1959,1,522,343,3128,111.4
1960,1,522,343,3143,111.93
1961,1,522,343,3144,111.97
1962,1,522,344,3141,111.86
1963,1,522,343,3150,112.18
1964,1,522,343,3150,112.18
1965,1,522,343,3145,112.0
1966,1,522,343,3138,111.75
1967,1,522,343,3155,112.36
1968,1,522,343,3155,112.36
1969,1,522,344,3152,112.25
1970,1,522,343,3146,112.04
1971,1,522,343,3155,112.36
1972,1,522,343,3158,112.46
1973,1,522,343,3152,112.25
1974,1,522,343,3143,111.93
1975,1,522,343,3148,112.11
1976,1,522,344,3135,111.65
1977,1,522,343,3160,112.54
1978,1,522,344,3152,112.25
1979,1,522,344,3159,112.5
1980,1,522,344,3165,112.71
1981,1,522,344,3159,112.5
1982,1,522,343,3142,111.89
1983,1,522,344,3146,112.04
1984,1,522,344,3151,112.22
1985,1,522,343,3148,112.11
1986,1,522,343,3152,112.25
1987,1,522,343,3148,112.11
1988,1,522,343,3135,111.65
1989,1,522,344,3150,112.18
1990,1,522,344,3148,112.11
1991,1,522,344,3135,111.65
1992,1,522,343,3133,111.57
1993,1,522,344,3148,112.11
1994,1,522,343,3145,112.0
1995,1,522,343,3154,112.32
1996,1,522,344,3148,112.11
1997,1,522,344,3156,112.39
1998,1,522,344,3150,112.18
1999,1,522,344,3150,112.18
2000,1,522,344,3143,111.93
2001,1,522,344,3144,111.97
2002,1,522,344,3151,112.22
2003,1,522,344,3142,111.89
2004,1,522,344,3144,111.97
2005,1,522,344,3142,111.89
2006,1,522,344,3138,111.75
2007,1,522,344,3131,111.5
2008,1,522,343,3126,111.32
2009,1,522,343,3133,111.57
2010,1,522,343,3132,111.54
2011,1,522,343,3129,111.43
2012,1,522,343,3127,111.36
2013,1,522,344,3135,111.65
2014,1,522,344,3140,111.82
2015,1,522,343,3128,111.4
2016,1,522,343,3138,111.75
2017,1,522,343,3143,111.93
2018,1,522,343,3131,111.5
2019,1,522,343,3126,111.32
2020,1,522,343,3140,111.82
2021,1,522,343,3135,111.65
2022,1,522,344,3150,112.18
2023,1,522,343,3140,111.82
2024,1,522,343,3148,112.11
2025,1,522,343,3132,111.54
2026,1,522,343,3128,111.4
2027,1,522,344,3129,111.43
2028,1,522,343,3125,111.29
2029,1,522,344,3145,112.0
2030,1,522,344,3141,111.86
2031,1,522,343,3142,111.89
2032,1,522,344,3138,111.75
2033,1,522,344,3132,111.54
2034,1,522,343,3150,112.18
2035,1,522,344,3139,111.79
2036,1,522,343,3145,112.0
2037,1,522,343,3129,111.43
2038,1,522,343,3131,111.5
2039,1,522,343,3128,111.4
2040,1,522,343,3133,111.57
2041,1,522,343,3128,111.4
2042,1,522,343,3138,111.75
2043,1,522,343,3133,111.57
2044,1,522,343,3127,111.36
2045,1,522,343,3137,111.72
2046,1,522,344,3141,111.86
2047,1,522,343,3134,111.61
2048,1,522,344,3135,111.65
2049,1,522,343,3134,111.61
2050,1,522,343,3141,111.86
2051,1,522,343,3135,111.65
2052,1,522,343,3136,111.68
2053,1,522,343,3135,111.65
2054,1,522,343,3136,111.68
2055,1,522,343,3126,111.32
2056,1,522,344,3142,111.89
2057,1,522,344,3139,111.79
2058,1,522,344,3146,112.04
2059,1,522,344,3147,112.07
2060,1,522,344,3142,111.89
2061,1,522,344,3153,112.29
2062,1,522,344,3143,111.93
2063,1,522,344,3141,111.86
2064,1,522,344,3146,112.04
2065,1,522,344,3143,111.93
2066,1,522,343,3155,112.36
2067,1,522,343,3137,111.72
2068,1,522,343,3143,111.93
2069,1,522,343,3143,111.93
2070,1,522,344,3142,111.89
2071,1,522,343,3122,111.18
2072,1,522,344,3143,111.93
2073,1,522,343,3133,111.57
2074,1,522,343,3147,112.07
2075,1,522,343,3152,112.25
2076,1,522,343,3148,112.11
2077,1,522,344,3150,112.18
2078,1,522,344,3149,112.14
2079,1,522,343,3140,111.82
2080,1,522,343,3141,111.86
2081,1,522,343,3139,111.79
2082,1,522,343,3142,111.89
2083,1,522,344,3143,111.93
2084,1,522,343,3130,111.47
2085,1,522,344,3138,111.75
2086,1,522,344,3149,112.14
2087,1,522,344,3160,112.54
2088,1,522,343,3153,112.29
2089,1,522,344,3142,111.89
2090,1,522,343,3150,112.18
2091,1,522,343,3154,112.32
2092,1,522,344,3143,111.93
2093,1,522,344,3138,111.75
2094,1,522,344,3151,112.22
2095,1,522,344,3152,112.25
2096,1,522,344,3154,112.32
2097,1,522,344,3140,111.82
2098,1,522,343,3133,111.57
2099,1,522,343,3131,111.5
2100,1,522,343,3135,111.65
2101,1,522,343,3116,110.97
2102,1,522,343,3131,111.5
2103,1,522,343,3142,111.89
2104,1,522,343,3143,111.93
2105,1,522,343,3128,111.4
2106,1,522,343,3134,111.61
2107,1,522,343,3131,111.5
2108,1,522,343,3123,111.22
2109,1,522,343,3124,111.25
2110,1,522,343,3128,111.4
2111,1,522,343,3141,111.86
2112,1,522,343,3125,111.29
2113,1,522,343,3133,111.57
2114,1,522,343,3133,111.57
2115,1,522,343,3143,111.93
2116,1,522,343,3142,111.89
2117,1,522,344,3139,111.79
2118,1,522,343,3142,111.89
2119,1,522,343,3139,111.79
2120,1,522,343,3143,111.93
2121,1,522,343,3137,111.72
2122,1,522,343,3143,111.93
2123,1,522,343,3156,112.39
2124,1,522,343,3157,112.43
2125,1,522,343,3137,111.72
2126,1,522,344,3143,111.93
2127,1,522,344,3159,112.5
2128,1,522,343,3138,111.75
2129,1,522,343,3145,112.0
2130,1,522,343,3144,111.97
2131,1,522,343,3140,111.82
2132,1,522,343,3138,111.75
2133,1,522,343,3140,111.82
2134,1,522,343,3138,111.75
2135,1,522,343,3144,111.97
2136,1,522,343,3132,111.54
2137,1,522,343,3145,112.0
2138,1,522,343,3139,111.79
2139,1,522,343,3142,111.89
2140,1,522,343,3144,111.97
2141,1,522,343,3144,111.97
2142,1,522,343,3158,112.46
2143,1,522,343,3149,112.14
2144,1,522,343,3153,112.29
2145,1,522,343,3148,112.11
2146,1,522,343,3152,112.25
2147,1,522,343,3145,112.0
2148,1,522,344,3164,112.68
2149,1,522,343,3148,112.11
2150,1,522,343,3139,111.79
2151,1,522,343,3153,112.29
2152,1,522,343,3157,112.43
2153,1,522,343,3142,111.89
2154,1,522,343,3150,112.18
2155,1,522,343,3140,111.82
2156,1,522,343,3152,112.25
2157,1,522,344,3148,112.11
2158,1,522,344,3151,112.22
2159,1,522,344,3155,112.36
2160,1,522,343,3142,111.89
2161,1,522,343,3138,111.75
2162,1,522,343,3148,112.11
2163,1,522,343,3134,111.61
2164,1,522,343,3142,111.89
2165,1,522,343,3140,111.82
2166,1,522,343,3154,112.32
2167,1,522,343,3132,111.54
2168,1,522,343,3136,111.68
2169,1,522,344,3147,112.07
2170,1,522,344,3136,111.68
2171,1,522,344,3146,112.04
2172,1,522,344,3149,112.14
2173,1,522,343,3152,112.25
2174,1,522,344,3163,112.64
2175,1,522,344,3146,112.04
2176,1,522,343,3152,112.25
2177,1,522,343,3151,112.22
2178,1,522,344,3156,112.39
2179,1,522,343,3149,112.14
2180,1,522,343,3162,112.61
2181,1,522,344,3154,112.32
2182,1,522,343,3141,111.86
2183,1,522,343,3155,112.36
2184,1,522,343,3137,111.72
2185,1,522,344,3171,112.93
2186,1,522,344,3160,112.54
2187,1,522,344,3164,112.68
2188,1,522,344,3160,112.54
2189,1,522,344,3160,112.54
2190,1,522,343,3156,112.39
2191,1,522,343,3163,112.64
2192,1,522,343,3151,112.22
2193,1,522,343,3159,112.5
2194,1,522,343,3156,112.39
2195,1,522,343,3150,112.18
2196,1,522,343,3150,112.18
2197,1,522,343,3159,112.5
2198,1,522,344,3153,112.29
2199,1,522,343,3154,112.32
2200,1,522,344,3157,112.43
2201,1,522,344,3149,112.14
2202,1,522,344,3159,112.5
2203,1,522,344,3154,112.32
2204,1,522,344,3173,113.0
2205,1,522,344,3178,113.18
2206,1,522,344,3167,112.78
2207,1,522,344,3181,113.28
2208,1,522,344,3167,112.78
2209,1,522,344,3168,112.82
2210,1,522,344,3165,112.71
2211,1,522,344,3149,112.14
2212,1,522,344,3172,112.96
2213,1,522,344,3183,113.35
2214,1,522,344,3184,113.39
2215,1,522,344,3175,113.07
2216,1,522,344,3182,113.32
2217,1,522,344,3161,112.57
2218,1,522,344,3182,113.32
2219,1,522,344,3188,113.53
2220,1,522,344,3193,113.71
2221,1,522,343,3197,113.85
2222,1,522,344,3204,114.1
2223,1,522,344,3191,113.64
2224,1,523,344,3198,113.89
2225,1,523,344,3206,114.17
2226,1,523,344,3201,114.0
2227,1,523,344,3213,114.42
2228,1,523,344,3198,113.89
2229,1,523,344,3205,114.14
2230,1,523,344,3170,112.89
2231,1,523,344,3192,113.68
2232,1,523,344,3203,114.07
2233,1,523,344,3199,113.92
2234,1,523,344,3212,114.39
2235,1,523,344,3230,115.03
2236,1,523,344,3205,114.14
2237,1,523,344,3215,114.49
2238,1,523,344,3171,112.93
2239,1,523,344,3193,113.71
2240,1,523,344,3217,114.57
2241,1,523,344,3203,114.07
2242,1,523,344,3195,113.78
2243,1,523,344,3199,113.92
2244,1,523,344,3188,113.53
2245,1,523,344,3207,114.21
2246,1,523,344,3203,114.07
2247,1,523,344,3218,114.6
2248,1,523,344,3210,114.32
2249,1,523,344,3209,114.28
2250,1,523,344,3200,113.96
2251,1,523,344,3209,114.28
2252,1,523,344,3202,114.03
2253,1,523,344,3211,114.35
2254,1,523,344,3224,114.81
2255,1,523,344,3209,114.28
2256,1,523,344,3215,114.49
2257,1,523,344,3221,114.71
2258,1,523,344,3205,114.14
2259,1,523,344,3194,113.75
2260,1,523,344,3213,114.42
2261,1,523,344,3216,114.53
2262,1,523,344,3209,114.28
2263,1,523,344,3208,114.25
2264,1,523,344,3192,113.68
2265,1,523,344,3204,114.1
2266,1,523,344,3190,113.6
2267,1,523,344,3186,113.46
2268,1,523,344,3197,113.85
2269,1,523,344,3202,114.03
2270,1,523,344,3203,114.07
2271,1,523,344,3204,114.1
2272,1,523,344,3189,113.57
2273,1,523,344,3199,113.92
2274,1,523,344,3200,113.96
2275,1,523,344,3186,113.46
2276,1,523,344,3177,113.14
2277,1,523,344,3196,113.82
2278,1,523,344,3191,113.64
2279,1,523,344,3194,113.75
2280,1,523,344,3211,114.35
2281,1,523,344,3186,113.46
2282,1,523,344,3167,112.78
2283,1,523,344,3151,112.22
2284,1,523,344,3177,113.14
2285,1,523,344,3183,113.35
2286,1,523,344,3184,113.39
2287,1,523,344,3204,114.1
2288,1,523,344,3170,112.89
2289,1,523,344,3167,112.78
2290,1,523,344,3179,113.21
2291,1,523,344,3177,113.14
2292,1,523,344,3185,113.43
2293,1,523,344,3167,112.78
2294,1,523,344,3180,113.25
2295,1,523,344,3184,113.39
2296,1,523,344,3191,113.64
2297,1,523,344,3188,113.53
2298,1,523,344,3164,112.68
2299,1,523,344,3186,113.46
2300,1,523,344,3195,113.78
2301,1,523,344,3183,113.35
2302,1,523,344,3165,112.71
2303,1,523,344,3182,113.32
2304,1,523,344,3201,114.0
2305,1,523,344,3180,113.25
2306,1,523,344,3178,113.18
2307,1,523,344,3170,112.89
2308,1,523,344,3170,112.89
2309,1,522,344,3184,113.39
2310,1,522,344,3191,113.64
2311,1,522,344,3169,112.86
2312,1,522,344,3185,113.43
2313,1,523,344,3169,112.86
2314,1,522,344,3199,113.92
2315,1,522,344,3193,113.71
2316,1,522,344,3174,113.03
2317,1,522,344,3180,113.25
2318,1,522,344,3177,113.14
2319,1,522,344,3195,113.78
2320,1,522,344,3174,113.03
2321,1,522,344,3181,113.28
2322,1,522,344,3175,113.07
2323,1,522,344,3172,112.96
2324,1,522,344,3185,113.43
2325,1,522,344,3164,112.68
2326,1,522,344,3148,112.11
2327,1,522,344,3162,112.61
2328,1,522,344,3153,112.29
2329,1,522,344,3156,112.39
2330,1,522,344,3144,111.97
2331,1,522,344,3150,112.18
2332,1,522,344,3156,112.39
2333,1,522,344,3137,111.72
2334,1,522,344,3131,111.5
2335,1,522,343,3124,111.25
2336,1,522,344,3128,111.4
2337,1,522,344,3140,111.82
2338,1,522,344,3122,111.18
2339,1,522,344,3133,111.57
2340,1,522,343,3124,111.25
2341,1,522,343,3148,112.11
2342,1,522,343,3132,111.54
2343,1,522,343,3122,111.18
2344,1,522,344,3118,111.04
2345,1,522,343,3117,111.0
2346,1,522,343,3110,110.75
2347,1,522,343,3107,110.65
2348,1,522,344,3098,110.33
2349,1,522,343,3127,111.36
2350,1,522,343,3115,110.93
2351,1,522,343,3096,110.26
2352,1,521,343,3086,109.9
2353,1,521,343,3093,110.15
2354,1,521,343,3082,109.76
2355,1,521,343,3100,110.4
2356,1,521,343,3104,110.54
2357,1,521,343,3104,110.54
2358,1,521,343,3103,110.51
2359,1,521,343,3093,110.15
2360,1,521,343,3098,110.33
2361,1,521,343,3119,111.08
2362,1,521,343,3131,111.5
2363,1,521,343,3112,110.83
2364,1,521,343,3120,111.11
2365,1,521,343,3130,111.47
2366,1,521,343,3135,111.65
2367,1,521,343,3131,111.5
2368,1,521,342,3136,111.68
2369,1,521,342,3132,111.54
2370,1,521,343,3144,111.97
2371,1,521,343,3140,111.82
2372,1,521,343,3131,111.5
2373,1,521,343,3131,111.5
2374,1,521,343,3121,111.15
2375,1,521,343,3112,110.83
2376,1,521,343,3120,111.11
2377,1,521,343,3097,110.29
2378,1,521,343,3102,110.47
2379,1,521,343,3092,110.11
2380,1,521,343,3080,109.69
2381,1,521,343,3085,109.86
2382,1,521,343,3081,109.72
2383,1,521,343,3090,110.04
2384,1,521,343,3071,109.37
2385,1,521,343,3071,109.37
2386,1,520,343,3074,109.47
2387,1,520,343,3076,109.54
2388,1,520,343,3062,109.05
2389,1,520,343,3072,109.4
2390,1,520,343,3082,109.76
2391,1,520,343,3076,109.54
2392,1,520,343,3079,109.65
2393,1,520,343,3078,109.62
2394,1,520,343,3080,109.69
2395,1,520,344,3066,109.19
2396,1,520,343,3091,110.08
2397,1,520,343,3080,109.69
2398,1,520,343,3084,109.83
2399,1,520,343,3062,109.05
2400,1,520,344,3078,109.62
2401,1,520,344,3085,109.86
2402,1,520,344,3084,109.83
2403,1,520,343,3094,110.19
2404,1,520,344,3099,110.36
2405,1,520,344,3090,110.04
2406,1,520,344,3114,110.9
2407,1,520,343,3099,110.36
2408,1,520,344,3088,109.97
2409,1,520,343,3102,110.47
2410,1,520,343,3099,110.36
2411,1,520,343,3107,110.65
2412,1,520,343,3085,109.86
2413,1,520,343,3073,109.44
2414,1,520,343,3080,109.69
2415,1,520,343,3084,109.83
2416,1,520,343,3073,109.44
2417,1,520,343,3056,108.83
2418,1,520,343,3055,108.8
2419,1,520,344,3084,109.83
2420,1,520,343,3063,109.08
2421,1,520,343,3101,110.43
2422,1,520,343,3084,109.83
2423,1,520,343,3082,109.76
2424,1,520,343,3084,109.83
2425,1,520,343,3084,109.83
2426,1,520,343,3083,109.79
2427,1,520,343,3088,109.97
2428,1,520,343,3065,109.15
2429,1,520,343,3090,110.04
2430,1,520,343,3073,109.44
2431,1,520,343,3084,109.83
2432,1,520,343,3074,109.47
2433,1,520,343,3093,110.15
2434,1,520,343,3060,108.97
2435,1,520,343,3094,110.19
2436,1,520,343,3078,109.62
2437,1,520,343,3084,109.83
2438,1,520,344,3063,109.08
2439,1,520,343,3069,109.29
2440,1,520,344,3090,110.04
2441,1,520,343,3076,109.54
2442,1,520,343,3076,109.54
2443,1,520,344,3071,109.37
2444,1,520,343,3074,109.47
2445,1,520,344,3083,109.79
2446,1,520,343,3080,109.69
